112
2 7
2 21
16 21
16 7
8 53
8 91
46 91
46 53
9 13
9 37
33 37
33 13
9 68
9 80
21 80
21 68
10 40
10 88
58 88
58 40
11 47
11 76
40 76
40 47
23 22
23 30
31 30
31 22
26 8
26 82
100 82
100 8
37 43
37 60
54 60
54 43
38 5
38 32
65 32
65 5
40 4
40 25
61 25
61 4
62 47
62 25
40 60
40 100
80 100
80 60
41 7
41 49
83 49
83 7
41 91
83 91
44 31
44 79
92 79
92 31
48 6
48 16
58 16
58 6
51 81
51 98
68 98
68 81
53 56
53 100
97 100
97 56
54 27
54 71
98 71
98 27
57 8
57 26
75 26
75 8
57 50
57 74
81 74
81 50
58 80
58 81
59 81
59 80
65 21
76 32
76 21
67 27
67 58
98 58
70 22
70 23
71 23
71 22
73 88
73 89
74 89
74 88
76 64
76 80
92 80
92 64
81 20
81 31
92 20
93 8
93 15
100 15
